0.2041003056767251
2.150058234189345
0.4277599859683447
-2.035411170039915
-0.9396268827359295
1.879400056687561
1.562627101755561
-1.323561959739593
-1.932782099297684
0.8880046140791461
2.251151017650056
-0.09822549610736483
-2.224732791830333
-0.4677663447968043
2.18593616748807
1.204268951641004
-1.683959164242293
-1.632004746182588
1.327870733068367
2.060221690248027
-0.5505883444686497
-2.085597570088246
0.01607401338717309
2.177975911605601
0.6586727114003822
-1.835433865299499
-1.110720951075863
1.634829081152451
1.609746020178947
-1.055376235462121
-1.795578396183911
0.6093704199639035
1.948213167400986
-0.003695340027832186
-1.813981983073328
-0.408465952295881
1.71456123476859
0.8866873484031811
-1.352997212655984
-1.146059613972058
1.173647284543219
1.533778874130818
-0.7055285124417489
-1.607208285618859
0.4373229885926991
1.798751717461338
0.1283696700220647
-1.685513584149905
-0.4237610155128326
1.671349284658047
0.9851116055705597
-1.322044426278952
-1.242627396522487
1.186565863631901
1.685003262142659
-0.6473726493078176
-1.817593001576729
0.2887686231659041
1.942811488226857
0.4237809708457688
-1.869259061724881
-0.7976668325436944
1.702201347509835
1.410744311087216
-1.268385071003449
-1.687860658413469
0.8381415638848485
2.087724089330416
-0.1752653719213164
-2.029973872759934
-0.3497071396847075
2.095651441102134
1.013545111083237
-1.734804787999214
-1.417278108172195
1.361000685111277
1.919712287527851
-0.6754040514844497
-2.037858440168493
0.1760224027689199
2.085558583831664
0.4358722961913343
-1.926712207436876
-0.864505075159949
1.682505095385448
1.479572602234249
-1.146713701860349
-1.690393254602929
0.7569400271049819
1.932189877317207
-0.1454603662487423
-1.905783155582287
-0.2567617799146152
1.882976494694148
0.8219918294083203
-1.579675003190481
-1.099015379377741
1.323996378019996
1.545797243563494
-0.8785171763908282
-1.638692111098398
0.5451504847383496
1.960241130627722
0.006726336439396369
-1.835998003152907
-0.4216375729647817
1.824427371093316
0.9964665245648345
-1.556045762679511
-1.353661329695673
1.271859986486792
1.877568286396952
-0.7108480687473946
-2.013766309211441
0.2230947217295984
2.184588367380469
0.4177172056502572
-1.987832334884253
-0.9916411037591643
1.849619487430163
1.580065142688581
-1.298680776920737
-1.915426605705827
0.8064470842060695
2.296810946605535
-0.07802599928954274
-2.174145968066704
-0.4558613150143849
2.128677673298764
1.248806112965307
-1.735378770603052
-1.586828738274018
1.322585579493183
2.109530993564295
-0.5538271218000028
-2.102349888814147
0.06140917048783517
2.173558029935441
0.6207749578096132
-1.880553054297977
-1.074187328684746
1.62646794670634
1.615299460999093
-0.9988125891978364
-1.77833372020221
0.630728182243371
2.000195477280601
-0.01111708306617943
-1.793344051558327
-0.3788788457339252
1.749821501692883
0.8981958033916096
-1.349936642142206
-1.206136834540691
1.21203079607919
1.534817505074968
-0.6549826382899214
-1.583146813212951
0.3622457889808478
1.809149619122519
0.09919953683985339
-1.704432657506245
-0.4761332576983209
1.622543826408308
0.9519718909343218
-1.359525237434553
-1.291912489425723
1.108776340115098
1.614659396409786
-0.6788416004359041
-1.758237464117968
0.2262250876944836
2.018898747781213
0.3850232104440915
-1.840940082591523
-0.857135535756586
1.759829954736498
1.449031412802182
-1.268594382085938
-1.70188744702544
0.9177681159692155
2.121467876265634
-0.2202062858813226
-2.086870156741667
-0.3722043349996873
2.108941770800632
0.9932550493625998
-1.647039999036558
-1.450572178108539
1.317178232353441
1.893986618617063
-0.6847205179343659
-2.035439004146704
0.2661282029221502
2.102919013128394
0.4903076172570121
-1.931423006866659
-0.8785338019628133
1.714631927157363
1.408432358887111
-1.200724314189461
-1.697690055624529
0.8115499266386503
1.893641755890073
-0.2036063468827144
-1.889532209189724
-0.1787093136164952
1.871953216428662
0.7464658648277323
-1.580210408854815
-1.112360253505386
1.401335988458759
1.511228074526971
-0.8690145515089721
-1.726046072317236
0.5917961439246904
1.898096539302947
0.06128841404383627
-1.824102404552322
-0.4524971372966355
1.897943675567854
1.014983562892083
-1.481226035083469
-1.378818763553883
1.257218237141622
1.831098357688986
-0.6913761563307547
-1.98360937789912
0.2712441765277178
2.161624240198724
0.4181232884673092
-2.023223697960191
-0.9436416962508938
1.805092617461534
1.597161679144249
-1.336559487391287
-1.901803978961101
0.8773527098372282
2.30997853648517
-0.07313292233921585
-2.189560836132784
-0.4725531344676803
2.171539231371492
1.222734097101667
-1.67909112967386
-1.593471905359637
1.294198395649052
2.041510015499414
-0.5607699201676263
-2.131803643121069
0.01412583656124715
2.136159232502754
0.6671592906949088
-1.874990113678121
-1.061631524413899
1.564495199662685
1.647468060033468
-1.011227889606955
-1.744446889851252
0.6192777740683473
1.987649746313072
0.04084371972589598
-1.765932306295726
-0.4139556335724767
1.782113068700489
0.9567806484256515
-1.418395524498826
-1.162255055446173
1.151849366204574
1.487272713117348
-0.6840991884529777
-1.62103138616256
0.389599612213133
1.746907976720888
0.1692142670968566
-1.679399696651279
-0.4553989349973638
1.686679370394258
0.980464940779943
-1.340181675131302
-1.200022997039637
1.16208774679558
1.656247254028048
-0.6541600381870808
-1.762268695432921
0.2615351940774876
1.953278444095088
0.3666332836678169
-1.81258261319555
-0.8062481963617093
1.753953393343589
1.4444534136905
-1.259336323703178
-1.706462848439283
0.8862758158560211
2.077890037925339
-0.1530742498754749
-2.088037553382781
-0.3446495969825472
2.031651469661383
1.059677479012557
-1.687580420303707
-1.470010924065496
1.32926327794631
1.874270542198352
-0.6725422166757765
-2.035864019442891
0.2283282391485322
2.114950261594133
0.4773846383167655
-1.892338249280225
-0.8796348709295818
1.734193866643154
1.453822249552987
-1.191966327893784
-1.653752355550814
0.765256022177088
1.952953539095421
-0.1850420135265261
-1.838083732014414
-0.2216297964828852
1.884106636621463
0.7852221481959049
-1.574860649240062
-1.082970054363039
1.381485273801791
1.571098007987616
-0.8614232010625344
-1.658973842604612
0.5052913932166919
1.886737514449122
0.06833874930734579
-1.870688163471367
-0.4699715615586466
1.82623340468376
1.035748809137297
-1.504225214248337
-1.387289410834156
1.264120458737559
1.856625870021592
-0.7184066710099254
-1.973067396412258
0.2548394959478895
2.158951623316824
0.4269578134828151
-1.962242568453215
-0.9297785687687168
1.861034442792941
1.604355016132315
-1.305309051688466
-1.932690284878962
0.8739448849686435
2.267957216992934
-0.06063737745472904
-2.190796335045981
-0.4486396451979652
2.133723857416149
1.170458584400446
-1.747851359290514
-1.616239667357777
1.273364391962712
2.059248962828187
-0.547646086743779
-2.07919317939149
0.01739252627496553
2.229555278970267
0.6687754624441307
-1.907668773136959
-1.12940097658087
1.577610015031475
1.558852488296484
-1.000674526174984
-1.766835857400861
0.6284330353564891
1.92575888724841
-0.02103480427142278
-1.77810150085267
-0.4194209530369392
1.756790016983893
0.9348390104705637
-1.346909866938101
-1.207029215874234
1.209071475758424
1.557546079960163
-0.712007407285724
-1.624993096843498
0.3431889883880672
1.819389428623135
0.1009788999798535
-1.654082716846812
-0.4790583867302469
1.671265988240722
0.9540825143216957
-1.304193661910638
-1.232418786075479
1.122522727827446
1.626144024128491
-0.6084926384399656
-1.781125949045805
0.2317294083614373
1.940985772236562
0.3367591280057564
-1.83782527292005
-0.8163285003577528
1.729567371207092
1.461146208041369
-1.288433012477737
-1.716436752938048
0.8486989620832032
2.04304661890797
-0.1632856990368716
-2.045256763257899
-0.2934527879000489
2.097966301640759
1.025219150903645
-1.68287896274086
-1.423887052786615
1.381086059379193
1.918835439780311
-0.7590300228360185
-1.993580964734715
0.2195598319782947
2.127796425740081
0.5078883873543699
-1.921838535403785
-0.8555989979783648
1.732494599222664
1.404397413799041
-1.214325055261586
-1.608880858434758
0.7808873158413403
1.938128292123411
-0.1932106421186418
-1.886291493066698
-0.2421864641731626
1.91443402819037
0.7687479503418899
-1.57738322658411
-1.082392513698772
1.397779568105472
1.484556393219614
-0.897901198138095
-1.62999430834998
0.5765328332273203
1.886478492905177
0.0081090404668996
-1.896685692608061
-0.4398077174475806
1.883111055094296
0.9997073335851082
-1.506091902444257
-1.369965834762835
1.30495264284989
1.782980123290156
-0.662568562286497
-1.962815113466481
0.2061342616260704
2.207960035583785
0.4330424341551313
-2.046142379371723
-0.9404518223119742
1.860571102128051
1.594760470743357
-1.314362304329917
-1.953800893727985
0.8167192945161603
2.305047985350751
-0.09218992357162167
-2.194583773931652
-0.5173786411319475
2.160135431535658
1.211581347037647
-1.738906671357682
-1.574461432230378
1.281021182044589
2.071907673942052
-0.5799194987728284
-2.170663156911714
0.08031828469484763
2.154707151519414
0.6480804412792927
-1.87927720498858
-1.132049632509743
1.560381823048252
1.626053266152133
-1.000432676284884
-1.719874066650269
0.6382061982965476
1.94674864848841
-0.004658224187039345
-1.784025697532004
-0.422491706659166
1.798697702326791
0.9481829428717741
-1.358059438292795
-1.135915480572901
1.159047431365556
1.53874967054792
-0.7433074943578785
-1.61858403088604
0.4330827622317576
1.757296635751631
0.1376511362259379
-1.701632775150388
-0.418128425933129
1.682256345451921
1.00447349610245
-1.320963355913771
-1.199198142517791
1.106584089859317
1.701604543888018
-0.6412609014006969
-1.758704803311319
0.2261931324740412
1.958897216511247
0.4252176046304236
-1.836261908730331
-0.8641996497130566
1.744478544791971
1.429234281636994
-1.264526486279448
-1.695108806556409
0.8640742326171996
2.094210938289845
-0.2374614643752418
-2.069395408542447
-0.3339485083490591
2.056632011897511
0.9890544253582293
-1.683316808377455
-1.438519155101096
1.312870087646946
1.919861503515538
-0.6742747112168371
-2.00033418233807
0.201452933705151
2.132527612723608
0.4260714426333729
-1.92678792962984
-0.8559864271277853
1.674607145733896
1.492063224871317
-1.16060782093857
-1.624619546132748
0.7848481496496796
1.939356337028671
-0.1765602551729234
-1.874893655715868
-0.2556097660354874
1.837565180065144
0.818219891826327
-1.530022805757204
-1.10309132785615
1.397336261943137
1.557075370687297
-0.8899182920320551
-1.697521084198149
0.5248712386701821
1.965055782039141
-0.02178577304359133
-1.865718866646616
-0.3899959081320992
1.872162435450697
0.9807271415630527
-1.493095921430367
-1.381850850588348
1.253582353005103
1.857040490725882
-0.7158041360723394
-1.94816254588581
0.2588782504559413
2.13194974562055
0.4589389287713767
-1.951128061620618
-0.9546832727832306
1.831627069378153
1.590843481742237
-1.297350768334026
-1.872043981982449
0.7952612565076825
2.275812409785882
-0.1004889817308398
-2.246002037541727
-0.4968526780382035
2.132455706638983
1.192294357007218
-1.690041341687528
-1.596624269529609
1.311458660661816
2.106467942929556
-0.565182145482729
-2.163834553032156
0.08339632378926196
2.135847947398875
0.6942769427231898
-1.911841571975406
-1.124009705513791
1.626491900498599
1.628691172329203
-0.9951902567856311
-1.722618094302797
0.618356339280143
1.989523318989895
-0.026380497659859
-1.819608121066357
-0.3571038036794791
1.747218791799405
0.9476771053650113
-1.370586492878052
-1.113646328547623
1.129835662948918
1.550204727184438
-0.7127485544029762
-1.596134495477169
0.3754749093216704
1.74638134762494
0.09970729201513964
-1.657849765619478
-0.4481480821878193
1.630473292214865
0.961653580389183
-1.339876416711145
-1.283915000289215
1.158409152790287
1.70309568697869
-0.6375268707422886
-1.783342316056082
0.2615762418853832
1.950586008575557
0.3612689268143507
-1.788279469163226
-0.8362273889055858
1.760028796229785
1.414714027180648
-1.301179406752668
-1.730493034793197
0.8663211012737144
2.041180872434128
-0.1472744094006596
-2.044676008428157
-0.3486206853047084
2.106650146908815
1.028584759763528
-1.655346168484141
-1.418933517258762
1.336532242899768
1.872696291313849
-0.7188226826473587
-2.022078187410119
0.1840451242782447
2.14341493524402
0.5095662476323155
-1.902750588712943
-0.8940240927389519
1.673392593621861
1.469165787396401
-1.176144131002189
-1.623183691111146
0.7524792817451715
1.932917979855042
-0.2371401524291881
-1.839195327764175
-0.247273590177138
1.866242766670904
0.7699361225216729
-1.543882834583456
-1.059192793725487
1.32348949117628
1.540389220711031
-0.9222821329967003
-1.646721640015987
0.5950389580234469
1.871419153387314
0.000501196183491804
-1.828836369161867
-0.4616627376506246
1.900950622066238
0.9893788347818574
-1.53008661451583
-1.38590296937652
1.254534909858773
1.83977755997563
-0.6852493735582288
-2.025187928282579
0.2018381935153561
2.208814734492869
0.463060318403413
-1.986032348060442
-0.993582525931065
1.873588121790045
1.617234750084939
-1.358159157749022
-1.896424235160334
0.8371324784805738
2.303458085404409
-0.1314034469513462
-2.225273610065888
-0.4452418349568318
2.178864924077907
1.250851728001483
-1.71156589543774
-1.636294186075509
1.300565187851224
2.098820739543397
-0.5656751691789582
-2.109787790993589
-0.004434885571208231
2.203282525434215
0.6506942951381534
-1.817781040271591
-1.046493345289814
1.613685708923053
1.5508316067982
-0.9820661827065088
-1.7934769216294
0.6457818225725791
1.926111460443234
-0.0367526996658496
-1.806103015687757
-0.4418382295637478
1.750830015664931
0.9255748801605914
-1.413612289196308
-1.18797545136618
1.137555601760045
1.508539079585536
-0.6635755871124027
-1.543034647201831
0.4066812028263433
1.760885442038941
0.1081983692732957
-1.686382455960594
-0.4555376170953857
1.614041359870392
1.003633121544438
-1.323020222778542
-1.261425385333713
1.143400383223369
1.641611988411091
-0.6597510647060717
-1.76399083377429
0.2214415268104073
1.991135351461299
0.3520166541028761
-1.858011495659306
-0.8615321256901453
1.681362906701043
1.369109306954557
-1.240369900263739
-1.726315527298516
0.8891769686047062
2.08175498319227
-0.1989217032527235
-2.057718483039479
-0.2835309997480412
2.066132274895654
1.023828868348679
-1.668689187458875
-1.371648659464022
1.398847861047932
1.887494510534556
-0.7179750128540008
-1.9932507042519
0.229836388829086
2.117932943177893
0.4579562085080105
-1.870266452625902
-0.9418257539011901
1.69099080919222
1.452864805732286
-1.143369042142865
-1.626686603270718
0.771283774226218
1.924777889501179
-0.2103005473496199
-1.904743684147495
-0.2079845490758067
1.905898740689032
0.7852801203145618
-1.572863749811832
-1.137102746778124
1.388776746263533
1.574846502453889
-0.8398547059259697
-1.630934445991232
0.5528674059883718
1.879453974088711
0.04612520145535423
-1.824483816035592
-0.3883797416713565
1.806300131317501
1.016011114220905
-1.524784239330878
-1.406059560822214
1.309812508465339
1.779863618054806
-0.6796765887434664
-1.947414467669834
0.2148291851727418
2.177833837581115
0.4212009689358937
-2.000392860440122
-0.9589821706327697
1.824015768462586
1.551904277192978
-1.284074792681775
-1.86799457011195
0.8053501185644397
2.291579440688918
-0.1141396206499011
-2.238488077520322
-0.5211758675263771
2.166650178024645
1.242629978755609
-1.67264204968841
-1.592752995133017
1.298638581063815
2.02730907992872
-0.6271984784588787
-2.09234551977011
0.04371482364238543
2.175686692867794
0.7073301526840423
-1.859555065863763
-1.081342764878019
1.566126913690356
1.609673666633993
-1.007202910052639
-1.711620684517588
0.6505166560294304
1.953433088973958
-0.002237021226627479
-1.786892278075895
-0.4145711510232394
1.781123604479961
0.9603111732612192
-1.38427157755904
-1.13468702522383
1.177759787801371
1.559058537783421
-0.6809258570216405
-1.619278159046756
0.4115088852168641
1.811633580926864
0.1005716108468598
-1.614587187120778
-0.4493592518720837
1.672098958180956
0.9533553348657317
-1.371304724360654
-1.292258460984788
1.120541984663025
1.643605231315195
-0.6725624174126277
-1.794762691964633
0.2373568954918342
1.961521187849868
0.3866109817612337
-1.785558657221006
-0.8494146993807804
1.694631742376545
1.400618688276781
-1.255359713428356
-1.705185585909512
0.875780990870267
2.079405769902401
-0.2064425445961164
-2.052595419512711
-0.2847642678682436
2.088769881162888
0.9809669379465075
-1.724798740254832
-1.391185948701807
1.338171543669983
1.867686244707016
-0.6783647720135328
-1.976604708891251
0.2641774708572584
2.085938036942071
0.4493910092886882
-1.876203711251534
-0.9088846847791647
1.667603432083542
1.479101741638029
-1.163872621646205
-1.701680969397215
0.7838726770942234
1.893286600236932
-0.151885039648316
-1.888348196551653
-0.2494071844010573
1.923669954528757
0.7703396344444371
-1.547150655806012
-1.117538852233946
1.405390714548159
1.563828844864431
-0.8935450176596574
-1.678569575359146
0.5121805089274987
1.954216853313512
0.04189289221204889
-1.855423582093791
-0.4256102058899515
1.806386495519278
1.003074959193791
-1.549677370518338
-1.381674672532582
1.259902158316765
1.823142403868234
-0.7442100425037481
-1.993195709267445
0.2297111347739416
2.13431078920055
0.4247703818705773
-2.036266853250885
-0.982905465025636
1.811871206851136
1.624110078574592
-1.353465672349648
-1.872848696830687
0.859400989355636
2.27083478056008
-0.1070244212132826
-2.242176681971272
-0.5224590377273027
2.131681450531304
1.173391037263597
-1.681378092254054
-1.623904728402308
1.247152814349528
2.073438797311583
-0.5406267404489462
-2.10225071209695
0.09200888677846134
2.143583145184311
0.6949734268152432
-1.877089460165006
-1.079752588963523
1.621013474076073
1.611333585567761
-1.057182086866654
-1.707683917144855
0.6243186378078203
1.962556503929097
-0.02407473161378132
-1.832082764576902
-0.4394172788556825
1.767741909626515
0.9310561043273917
-1.435901543162049
-1.167267490021439
1.171734395003024
1.562806645774327
-0.6796224043398189
-1.571023746157348
0.3942883854648466
1.810550009719788
0.1590654979743028
-1.676336064354927
-0.4511258017167054
1.624757565494658
0.9528080962935367
-1.382876757719539
-1.24973637001714
1.117208951584189
1.616280555884789
-0.6046196958286758
-1.818275780232774
0.2981691861111607
1.966031788262186
0.3594588207660545
-1.784334812469822
-0.8537205977647357
1.707717505480827
1.422507083088687
-1.284042490721606
-1.671961597297579
0.8824792208971336
2.084908965796019
-0.2144295765869687
-2.084358215654362
-0.3236738682447157
2.037012860217872
1.034687518756341
-1.693569144492951
-1.387289391009671
1.354870899091876
1.91757056163212
-0.672721751484796
-2.046576020233935
0.2640117083946516
2.132945636354318
0.4793293292997126
-1.89654904066229
-0.9323088675289762
1.657787507308288
1.486216864336739
-1.173212719097344
-1.678636254299516
0.7721838131422232
1.964604988300708
-0.1586807938692191
-1.888183453937851
-0.2202054691387522
1.912521277461207
0.7906040567398133
-1.597984181443322
-1.12033361173046
1.354097932143257
1.489179736700673
-0.8702824662605794
-1.63975552454768
0.588165388963624
1.871188732883433
0.03704706463628871
-1.881349917976481
-0.4315946287048178
1.888102865635347
1.048953277656266
-1.515676453260972
-1.323519008258262
1.274010401075355
1.843519408541594
-0.7066473505641938
-2.019368741167147
0.2256559062725544
2.174048234341022
0.4858577190229194
-2.017332807160817
-1.005199746625451
1.819335049134619
1.548433643364196
-1.265141690633425
-1.952950090719149
0.8557929572469037
2.291936177045045
-0.1287688164230576
-2.244115025632862
-0.5224474574121988
2.191744702855075
1.191103779002235
-1.7022744205145
-1.630332070729984
1.252760085850361
2.046903659468143
-0.55162524101113
-2.079750119328909
0.001966832439858761
2.191017853332629
0.6241440804543433
-1.832195343881623
-1.118782537527698
1.548967369985092
1.607351310475972
-1.067075116093656
-1.795599357025622
0.5858489754877032
1.917166319353592
0.004074036025506232
-1.860232937063783
-0.4136097321932123
1.722619904116772
0.9581998915638238
-1.372243620704685
-1.120929054561011
1.199418868883993
1.490885437421001
-0.7084716267623568
-1.567870586060903
0.4201015462886007
1.73209012498965
0.1568864455132253
-1.634171379239308
-0.4243646603352748
1.701007908684165
0.9544392187090854
-1.325965911835683
-1.273228615201937
1.111122512536268
1.636190198552048
-0.6502038424850305
-1.773625919264233
0.2471796508286986
1.991795848907881
0.4114348743865148
-1.783577460582485
-0.8068449339914354
1.680816045962683
1.461792516720052
-1.225129095896926
-1.73365055338141
0.8739540785057839
2.074650778502764
-0.1728454283124033
-2.089056818993087
-0.2961160089753658
2.035109055570033
0.9878737338243032
-1.665108268442749
-1.464669856561775
1.385913183694548
1.859043189399914
-0.6961619770477863
-2.030342848288171
0.2013557951799048
2.144978406903455
0.4680753544757577
-1.864974011125854
-0.9012657820091644
1.702742793575577
1.491229360647326
-1.155072683884261
-1.63916163739882
0.8324909038958783
1.929154077682504
-0.2118586282890007
-1.902639010791926
-0.1935060390008372
1.87415314003421
0.7991030192112688
-1.602626017586341
-1.112507944238838
1.326716537767034
1.569524135987134
-0.8834331463456667
-1.654052548525333
0.5071375627918806
1.931035171611527
0.07249811310804673
-1.893031010544108
-0.4345019150328304
1.879581212263582
1.051529021311874
-1.555652232021617
-1.318231608291408
1.236368812391385
1.873781557724483
-0.7166628433353299
-1.943297955265155
0.2947262784502513
